# Column info
#------------
#   1. Redshift
#   2. Omega_m
#   3. Omega_DE
#   4. w
#   5. D_A (ang. diam. distance, in h^{-1} Mpc
#   6. D_L (luminosity distance, in h^{-1} Mpc
#   7. DM (distance modulus), in mags + 5 log h
#   8. t_l (lookback time), in h^{-1} years
#   9. 4*PI*D_L^2, in h^{-2} Mpc^2
#  10. 4*PI*D_L^2, in h^{-2} cm^2
#  11. Physical distance subtending 1 arcsec, in h^{-1} kpc
#  12. Angle subtended by 1 h^{-1} Mpc, in arcmin
#  13. Angle subtended by 1 h^{-1} COMOVING Mpc, in arcmin
#
#
#  z   Om_m Om_L  w   D_A  D_L  DM     t_l     4*PI*DL^2 4*PI*DL^2 1asec  1Mpc  1Mpc
#----- ---- ---- ---- ---- ---- ----- --------- --------- --------- ----- ----- -----
 0.100 0.30 0.70 -1.0  266  322 37.54 9.126e+08 1.302e+06 1.251e+55  1.29 12.92 11.75
 0.150 0.30 0.70 -1.0  377  499 38.49 1.323e+09 3.125e+06 3.003e+55  1.83  9.12  7.93
 0.200 0.30 0.70 -1.0  476  685 39.18 1.706e+09 5.901e+06 5.671e+55  2.31  7.22  6.02
 0.250 0.30 0.70 -1.0  564  881 39.73 2.063e+09 9.757e+06 9.376e+55  2.73  6.10  4.88
 0.300 0.30 0.70 -1.0  642 1086 40.18 2.397e+09 1.481e+07 1.423e+56  3.11  5.35  4.12
 0.350 0.30 0.70 -1.0  712 1298 40.57 2.710e+09 2.118e+07 2.036e+56  3.45  4.83  3.57
 0.400 0.30 0.70 -1.0  775 1519 40.91 3.003e+09 2.899e+07 2.786e+56  3.76  4.44  3.17
 0.450 0.30 0.70 -1.0  831 1746 41.21 3.278e+09 3.833e+07 3.683e+56  4.03  4.14  2.85
 0.500 0.30 0.70 -1.0  880 1981 41.48 3.535e+09 4.930e+07 4.738e+56  4.27  3.90  2.60
 0.550 0.30 0.70 -1.0  925 2222 41.73 3.777e+09 6.202e+07 5.960e+56  4.48  3.72  2.40
 0.600 0.30 0.70 -1.0  964 2468 41.96 4.004e+09 7.656e+07 7.357e+56  4.67  3.57  2.23
 0.650 0.30 0.70 -1.0  999 2721 42.17 4.218e+09 9.302e+07 8.939e+56  4.84  3.44  2.08
 0.700 0.30 0.70 -1.0 1031 2978 42.37 4.420e+09 1.115e+08 1.071e+57  5.00  3.34  1.96
 0.750 0.30 0.70 -1.0 1058 3241 42.55 4.610e+09 1.320e+08 1.269e+57  5.13  3.25  1.86
 0.800 0.30 0.70 -1.0 1083 3508 42.73 4.789e+09 1.547e+08 1.486e+57  5.25  3.17  1.76
 0.850 0.30 0.70 -1.0 1105 3780 42.89 4.958e+09 1.796e+08 1.726e+57  5.35  3.11  1.68
 0.900 0.30 0.70 -1.0 1124 4056 43.04 5.117e+09 2.068e+08 1.987e+57  5.45  3.06  1.61
 0.950 0.30 0.70 -1.0 1140 4336 43.19 5.268e+09 2.363e+08 2.271e+57  5.53  3.01  1.55
 1.000 0.30 0.70 -1.0 1155 4620 43.32 5.411e+09 2.682e+08 2.578e+57  5.60  2.98  1.49
 1.050 0.30 0.70 -1.0 1168 4907 43.45 5.547e+09 3.026e+08 2.908e+57  5.66  2.94  1.44
 1.100 0.30 0.70 -1.0 1179 5198 43.58 5.675e+09 3.395e+08 3.263e+57  5.71  2.92  1.39
 1.150 0.30 0.70 -1.0 1188 5492 43.70 5.797e+09 3.790e+08 3.642e+57  5.76  2.89  1.35
 1.200 0.30 0.70 -1.0 1196 5789 43.81 5.913e+09 4.211e+08 4.047e+57  5.80  2.87  1.31
 1.250 0.30 0.70 -1.0 1203 6089 43.92 6.023e+09 4.659e+08 4.477e+57  5.83  2.86  1.27
 1.300 0.30 0.70 -1.0 1208 6392 44.03 6.128e+09 5.134e+08 4.933e+57  5.86  2.85  1.24
 1.350 0.30 0.70 -1.0 1213 6697 44.13 6.227e+09 5.636e+08 5.416e+57  5.88  2.83  1.21
 1.400 0.30 0.70 -1.0 1216 7005 44.23 6.322e+09 6.166e+08 5.926e+57  5.90  2.83  1.18
 1.450 0.30 0.70 -1.0 1219 7315 44.32 6.413e+09 6.724e+08 6.462e+57  5.91  2.82  1.15
 1.500 0.30 0.70 -1.0 1220 7628 44.41 6.499e+09 7.312e+08 7.026e+57  5.92  2.82  1.13
 1.550 0.30 0.70 -1.0 1221 7943 44.50 6.582e+09 7.928e+08 7.619e+57  5.92  2.81  1.10
 1.600 0.30 0.70 -1.0 1222 8260 44.58 6.661e+09 8.573e+08 8.239e+57  5.92  2.81  1.08
 1.650 0.30 0.70 -1.0 1222 8579 44.67 6.736e+09 9.249e+08 8.888e+57  5.92  2.81  1.06
 1.700 0.30 0.70 -1.0 1221 8900 44.75 6.808e+09 9.954e+08 9.566e+57  5.92  2.82  1.04
 1.750 0.30 0.70 -1.0 1220 9223 44.82 6.878e+09 1.069e+09 1.027e+58  5.91  2.82  1.02
 1.800 0.30 0.70 -1.0 1218 9548 44.90 6.944e+09 1.146e+09 1.101e+58  5.90  2.82  1.01
 1.850 0.30 0.70 -1.0 1216 9875 44.97 7.007e+09 1.225e+09 1.178e+58  5.89  2.83  0.99
 1.900 0.30 0.70 -1.0 1213 10203 45.04 7.068e+09 1.308e+09 1.257e+58  5.88  2.83  0.98
 1.950 0.30 0.70 -1.0 1210 10533 45.11 7.127e+09 1.394e+09 1.340e+58  5.87  2.84  0.96
 2.000 0.30 0.70 -1.0 1207 10865 45.18 7.183e+09 1.483e+09 1.426e+58  5.85  2.85  0.95
 2.050 0.30 0.70 -1.0 1204 11198 45.25 7.237e+09 1.576e+09 1.514e+58  5.84  2.86  0.94
 2.100 0.30 0.70 -1.0 1200 11533 45.31 7.289e+09 1.672e+09 1.606e+58  5.82  2.86  0.92
 2.150 0.30 0.70 -1.0 1196 11870 45.37 7.339e+09 1.770e+09 1.701e+58  5.80  2.87  0.91
 2.200 0.30 0.70 -1.0 1192 12207 45.43 7.387e+09 1.873e+09 1.800e+58  5.78  2.88  0.90
 2.250 0.30 0.70 -1.0 1188 12546 45.49 7.433e+09 1.978e+09 1.901e+58  5.76  2.89  0.89
 2.300 0.30 0.70 -1.0 1183 12887 45.55 7.478e+09 2.087e+09 2.005e+58  5.74  2.91  0.88
 2.350 0.30 0.70 -1.0 1179 13228 45.61 7.521e+09 2.199e+09 2.113e+58  5.71  2.92  0.87
 2.400 0.30 0.70 -1.0 1174 13571 45.66 7.562e+09 2.315e+09 2.224e+58  5.69  2.93  0.86
 2.450 0.30 0.70 -1.0 1169 13916 45.72 7.603e+09 2.433e+09 2.339e+58  5.67  2.94  0.85
 2.500 0.30 0.70 -1.0 1164 14261 45.77 7.641e+09 2.556e+09 2.456e+58  5.64  2.95  0.84
 2.550 0.30 0.70 -1.0 1159 14608 45.82 7.679e+09 2.682e+09 2.577e+58  5.62  2.97  0.84
 2.600 0.30 0.70 -1.0 1154 14956 45.87 7.715e+09 2.811e+09 2.701e+58  5.59  2.98  0.83
 2.650 0.30 0.70 -1.0 1149 15304 45.92 7.750e+09 2.943e+09 2.829e+58  5.57  2.99  0.82
 2.700 0.30 0.70 -1.0 1143 15654 45.97 7.783e+09 3.080e+09 2.959e+58  5.54  3.01  0.81
 2.750 0.30 0.70 -1.0 1138 16005 46.02 7.816e+09 3.219e+09 3.094e+58  5.52  3.02  0.81
 2.800 0.30 0.70 -1.0 1133 16358 46.07 7.848e+09 3.362e+09 3.231e+58  5.49  3.03  0.80
 2.850 0.30 0.70 -1.0 1127 16711 46.11 7.878e+09 3.509e+09 3.372e+58  5.47  3.05  0.79
 2.900 0.30 0.70 -1.0 1122 17065 46.16 7.908e+09 3.659e+09 3.517e+58  5.44  3.06  0.79
 2.950 0.30 0.70 -1.0 1116 17420 46.21 7.937e+09 3.813e+09 3.665e+58  5.41  3.08  0.78
 3.000 0.30 0.70 -1.0 1111 17776 46.25 7.965e+09 3.971e+09 3.816e+58  5.39  3.09  0.77
 3.050 0.30 0.70 -1.0 1105 18133 46.29 7.992e+09 4.132e+09 3.971e+58  5.36  3.11  0.77
 3.100 0.30 0.70 -1.0 1100 18491 46.33 8.018e+09 4.296e+09 4.129e+58  5.33  3.13  0.76
 3.150 0.30 0.70 -1.0 1094 18849 46.38 8.044e+09 4.465e+09 4.291e+58  5.31  3.14  0.76
 3.200 0.30 0.70 -1.0 1089 19209 46.42 8.068e+09 4.637e+09 4.456e+58  5.28  3.16  0.75
 3.250 0.30 0.70 -1.0 1083 19569 46.46 8.092e+09 4.812e+09 4.625e+58  5.25  3.17  0.75
 3.300 0.30 0.70 -1.0 1078 19931 46.50 8.116e+09 4.992e+09 4.797e+58  5.23  3.19  0.74
 3.350 0.30 0.70 -1.0 1072 20293 46.54 8.138e+09 5.175e+09 4.973e+58  5.20  3.21  0.74
 3.400 0.30 0.70 -1.0 1067 20656 46.58 8.160e+09 5.362e+09 5.152e+58  5.17  3.22  0.73
 3.450 0.30 0.70 -1.0 1061 21019 46.61 8.182e+09 5.552e+09 5.336e+58  5.15  3.24  0.73
 3.500 0.30 0.70 -1.0 1056 21384 46.65 8.203e+09 5.746e+09 5.522e+58  5.12  3.26  0.72
 3.550 0.30 0.70 -1.0 1051 21749 46.69 8.223e+09 5.944e+09 5.712e+58  5.09  3.27  0.72
 3.600 0.30 0.70 -1.0 1045 22115 46.72 8.243e+09 6.146e+09 5.906e+58  5.07  3.29  0.72
 3.650 0.30 0.70 -1.0 1040 22482 46.76 8.262e+09 6.352e+09 6.104e+58  5.04  3.31  0.71
 3.700 0.30 0.70 -1.0 1034 22849 46.79 8.281e+09 6.561e+09 6.305e+58  5.01  3.32  0.71
 3.750 0.30 0.70 -1.0 1029 23218 46.83 8.299e+09 6.774e+09 6.510e+58  4.99  3.34  0.70
 3.800 0.30 0.70 -1.0 1024 23586 46.86 8.317e+09 6.991e+09 6.718e+58  4.96  3.36  0.70
 3.850 0.30 0.70 -1.0 1018 23956 46.90 8.334e+09 7.212e+09 6.930e+58  4.94  3.38  0.70
 3.900 0.30 0.70 -1.0 1013 24326 46.93 8.351e+09 7.436e+09 7.146e+58  4.91  3.39  0.69
 3.950 0.30 0.70 -1.0 1008 24697 46.96 8.367e+09 7.665e+09 7.366e+58  4.89  3.41  0.69
 4.000 0.30 0.70 -1.0 1003 25068 47.00 8.383e+09 7.897e+09 7.589e+58  4.86  3.43  0.69
 4.050 0.30 0.70 -1.0  998 25441 47.03 8.399e+09 8.133e+09 7.816e+58  4.84  3.45  0.68
 4.100 0.30 0.70 -1.0  992 25813 47.06 8.414e+09 8.373e+09 8.047e+58  4.81  3.46  0.68
 4.150 0.30 0.70 -1.0  987 26187 47.09 8.429e+09 8.617e+09 8.281e+58  4.79  3.48  0.68
 4.200 0.30 0.70 -1.0  982 26561 47.12 8.444e+09 8.865e+09 8.520e+58  4.76  3.50  0.67
 4.250 0.30 0.70 -1.0  977 26935 47.15 8.458e+09 9.117e+09 8.762e+58  4.74  3.52  0.67
 4.300 0.30 0.70 -1.0  972 27311 47.18 8.472e+09 9.373e+09 9.007e+58  4.71  3.54  0.67
 4.350 0.30 0.70 -1.0  967 27686 47.21 8.486e+09 9.633e+09 9.257e+58  4.69  3.55  0.66
 4.400 0.30 0.70 -1.0  962 28063 47.24 8.499e+09 9.896e+09 9.510e+58  4.67  3.57  0.66
 4.450 0.30 0.70 -1.0  957 28440 47.27 8.512e+09 1.016e+10 9.768e+58  4.64  3.59  0.66
 4.500 0.30 0.70 -1.0  953 28817 47.30 8.525e+09 1.044e+10 1.003e+59  4.62  3.61  0.66
 4.550 0.30 0.70 -1.0  948 29195 47.33 8.537e+09 1.071e+10 1.029e+59  4.60  3.63  0.65
 4.600 0.30 0.70 -1.0  943 29574 47.35 8.549e+09 1.099e+10 1.056e+59  4.57  3.65  0.65
 4.650 0.30 0.70 -1.0  938 29953 47.38 8.561e+09 1.127e+10 1.083e+59  4.55  3.66  0.65
 4.700 0.30 0.70 -1.0  934 30333 47.41 8.572e+09 1.156e+10 1.111e+59  4.53  3.68  0.65
 4.750 0.30 0.70 -1.0  929 30713 47.44 8.584e+09 1.185e+10 1.139e+59  4.50  3.70  0.64
 4.800 0.30 0.70 -1.0  924 31093 47.46 8.595e+09 1.215e+10 1.168e+59  4.48  3.72  0.64
 4.850 0.30 0.70 -1.0  920 31475 47.49 8.606e+09 1.245e+10 1.196e+59  4.46  3.74  0.64
 4.900 0.30 0.70 -1.0  915 31856 47.52 8.616e+09 1.275e+10 1.226e+59  4.44  3.76  0.64
 4.950 0.30 0.70 -1.0  911 32238 47.54 8.627e+09 1.306e+10 1.255e+59  4.41  3.78  0.63
 5.000 0.30 0.70 -1.0  906 32621 47.57 8.637e+09 1.337e+10 1.285e+59  4.39  3.79  0.63
 5.050 0.30 0.70 -1.0  902 33004 47.59 8.647e+09 1.369e+10 1.315e+59  4.37  3.81  0.63
 5.100 0.30 0.70 -1.0  897 33388 47.62 8.657e+09 1.401e+10 1.346e+59  4.35  3.83  0.63
 5.150 0.30 0.70 -1.0  893 33772 47.64 8.666e+09 1.433e+10 1.377e+59  4.33  3.85  0.63
 5.200 0.30 0.70 -1.0  889 34156 47.67 8.676e+09 1.466e+10 1.409e+59  4.31  3.87  0.62
 5.250 0.30 0.70 -1.0  884 34541 47.69 8.685e+09 1.499e+10 1.441e+59  4.29  3.89  0.62
 5.300 0.30 0.70 -1.0  880 34927 47.72 8.694e+09 1.533e+10 1.473e+59  4.27  3.91  0.62
 5.350 0.30 0.70 -1.0  876 35312 47.74 8.703e+09 1.567e+10 1.506e+59  4.25  3.93  0.62
 5.400 0.30 0.70 -1.0  872 35699 47.76 8.712e+09 1.601e+10 1.539e+59  4.23  3.94  0.62
 5.450 0.30 0.70 -1.0  867 36085 47.79 8.720e+09 1.636e+10 1.573e+59  4.21  3.96  0.61
 5.500 0.30 0.70 -1.0  863 36473 47.81 8.729e+09 1.672e+10 1.606e+59  4.19  3.98  0.61
 5.550 0.30 0.70 -1.0  859 36860 47.83 8.737e+09 1.707e+10 1.641e+59  4.17  4.00  0.61
 5.600 0.30 0.70 -1.0  855 37248 47.86 8.745e+09 1.743e+10 1.675e+59  4.15  4.02  0.61
 5.650 0.30 0.70 -1.0  851 37637 47.88 8.753e+09 1.780e+10 1.711e+59  4.13  4.04  0.61
 5.700 0.30 0.70 -1.0  847 38025 47.90 8.760e+09 1.817e+10 1.746e+59  4.11  4.06  0.61
 5.750 0.30 0.70 -1.0  843 38415 47.92 8.768e+09 1.854e+10 1.782e+59  4.09  4.08  0.60
 5.800 0.30 0.70 -1.0  839 38804 47.94 8.775e+09 1.892e+10 1.818e+59  4.07  4.10  0.60
 5.850 0.30 0.70 -1.0  835 39194 47.97 8.783e+09 1.930e+10 1.855e+59  4.05  4.12  0.60
 5.900 0.30 0.70 -1.0  831 39585 47.99 8.790e+09 1.969e+10 1.892e+59  4.03  4.13  0.60
 5.950 0.30 0.70 -1.0  828 39975 48.01 8.797e+09 2.008e+10 1.930e+59  4.01  4.15  0.60
 6.000 0.30 0.70 -1.0  824 40366 48.03 8.804e+09 2.048e+10 1.968e+59  3.99  4.17  0.60
 6.050 0.30 0.70 -1.0  820 40758 48.05 8.811e+09 2.088e+10 2.006e+59  3.98  4.19  0.59
 6.100 0.30 0.70 -1.0  816 41150 48.07 8.818e+09 2.128e+10 2.045e+59  3.96  4.21  0.59
 6.150 0.30 0.70 -1.0  813 41542 48.09 8.824e+09 2.169e+10 2.084e+59  3.94  4.23  0.59
 6.200 0.30 0.70 -1.0  809 41935 48.11 8.831e+09 2.210e+10 2.124e+59  3.92  4.25  0.59
 6.250 0.30 0.70 -1.0  805 42328 48.13 8.837e+09 2.251e+10 2.164e+59  3.90  4.27  0.59
 6.300 0.30 0.70 -1.0  802 42721 48.15 8.843e+09 2.293e+10 2.204e+59  3.89  4.29  0.59
 6.350 0.30 0.70 -1.0  798 43115 48.17 8.849e+09 2.336e+10 2.245e+59  3.87  4.31  0.59
 6.400 0.30 0.70 -1.0  795 43509 48.19 8.855e+09 2.379e+10 2.286e+59  3.85  4.33  0.58
 6.450 0.30 0.70 -1.0  791 43903 48.21 8.861e+09 2.422e+10 2.328e+59  3.83  4.35  0.58
 6.500 0.30 0.70 -1.0  788 44298 48.23 8.867e+09 2.466e+10 2.370e+59  3.82  4.37  0.58
 6.550 0.30 0.70 -1.0  784 44693 48.25 8.873e+09 2.510e+10 2.412e+59  3.80  4.38  0.58
 6.600 0.30 0.70 -1.0  781 45088 48.27 8.879e+09 2.555e+10 2.455e+59  3.78  4.40  0.58
 6.650 0.30 0.70 -1.0  777 45484 48.29 8.884e+09 2.600e+10 2.498e+59  3.77  4.42  0.58
 6.700 0.30 0.70 -1.0  774 45880 48.31 8.890e+09 2.645e+10 2.542e+59  3.75  4.44  0.58
 6.750 0.30 0.70 -1.0  770 46277 48.33 8.895e+09 2.691e+10 2.586e+59  3.74  4.46  0.58
 6.800 0.30 0.70 -1.0  767 46673 48.35 8.900e+09 2.737e+10 2.631e+59  3.72  4.48  0.57
 6.850 0.30 0.70 -1.0  764 47070 48.36 8.905e+09 2.784e+10 2.676e+59  3.70  4.50  0.57
 6.900 0.30 0.70 -1.0  761 47468 48.38 8.911e+09 2.831e+10 2.721e+59  3.69  4.52  0.57
 6.950 0.30 0.70 -1.0  757 47865 48.40 8.916e+09 2.879e+10 2.767e+59  3.67  4.54  0.57
 7.000 0.30 0.70 -1.0  754 48263 48.42 8.921e+09 2.927e+10 2.813e+59  3.66  4.56  0.57
 7.050 0.30 0.70 -1.0  751 48661 48.44 8.926e+09 2.976e+10 2.860e+59  3.64  4.58  0.57
 7.100 0.30 0.70 -1.0  748 49060 48.45 8.930e+09 3.025e+10 2.907e+59  3.63  4.60  0.57
 7.150 0.30 0.70 -1.0  745 49459 48.47 8.935e+09 3.074e+10 2.954e+59  3.61  4.62  0.57
 7.200 0.30 0.70 -1.0  741 49858 48.49 8.940e+09 3.124e+10 3.002e+59  3.59  4.64  0.57
 7.250 0.30 0.70 -1.0  738 50258 48.51 8.944e+09 3.174e+10 3.050e+59  3.58  4.66  0.56
 7.300 0.30 0.70 -1.0  735 50657 48.52 8.949e+09 3.225e+10 3.099e+59  3.57  4.68  0.56
 7.350 0.30 0.70 -1.0  732 51057 48.54 8.953e+09 3.276e+10 3.148e+59  3.55  4.69  0.56
 7.400 0.30 0.70 -1.0  729 51458 48.56 8.958e+09 3.327e+10 3.198e+59  3.54  4.71  0.56
 7.450 0.30 0.70 -1.0  726 51858 48.57 8.962e+09 3.379e+10 3.248e+59  3.52  4.73  0.56
 7.500 0.30 0.70 -1.0  723 52259 48.59 8.966e+09 3.432e+10 3.298e+59  3.51  4.75  0.56
 7.550 0.30 0.70 -1.0  720 52660 48.61 8.971e+09 3.485e+10 3.349e+59  3.49  4.77  0.56
 7.600 0.30 0.70 -1.0  717 53062 48.62 8.975e+09 3.538e+10 3.400e+59  3.48  4.79  0.56
 7.650 0.30 0.70 -1.0  715 53463 48.64 8.979e+09 3.592e+10 3.452e+59  3.46  4.81  0.56
 7.700 0.30 0.70 -1.0  712 53865 48.66 8.983e+09 3.646e+10 3.504e+59  3.45  4.83  0.56
 7.750 0.30 0.70 -1.0  709 54268 48.67 8.987e+09 3.701e+10 3.556e+59  3.44  4.85  0.55
 7.800 0.30 0.70 -1.0  706 54670 48.69 8.991e+09 3.756e+10 3.609e+59  3.42  4.87  0.55
 7.850 0.30 0.70 -1.0  703 55073 48.70 8.995e+09 3.811e+10 3.663e+59  3.41  4.89  0.55
 7.900 0.30 0.70 -1.0  700 55476 48.72 8.998e+09 3.867e+10 3.717e+59  3.40  4.91  0.55
 7.950 0.30 0.70 -1.0  698 55879 48.74 9.002e+09 3.924e+10 3.771e+59  3.38  4.93  0.55
 8.000 0.30 0.70 -1.0  695 56283 48.75 9.006e+09 3.981e+10 3.825e+59  3.37  4.95  0.55
 8.050 0.30 0.70 -1.0  692 56687 48.77 9.010e+09 4.038e+10 3.881e+59  3.36  4.97  0.55
 8.100 0.30 0.70 -1.0  689 57091 48.78 9.013e+09 4.096e+10 3.936e+59  3.34  4.99  0.55
 8.150 0.30 0.70 -1.0  687 57495 48.80 9.017e+09 4.154e+10 3.992e+59  3.33  5.01  0.55
 8.200 0.30 0.70 -1.0  684 57900 48.81 9.020e+09 4.213e+10 4.048e+59  3.32  5.03  0.55
 8.250 0.30 0.70 -1.0  681 58304 48.83 9.024e+09 4.272e+10 4.105e+59  3.30  5.04  0.55
 8.300 0.30 0.70 -1.0  679 58710 48.84 9.027e+09 4.331e+10 4.162e+59  3.29  5.06  0.54
 8.350 0.30 0.70 -1.0  676 59115 48.86 9.030e+09 4.391e+10 4.220e+59  3.28  5.08  0.54
 8.400 0.30 0.70 -1.0  674 59520 48.87 9.034e+09 4.452e+10 4.278e+59  3.27  5.10  0.54
 8.450 0.30 0.70 -1.0  671 59926 48.89 9.037e+09 4.513e+10 4.337e+59  3.25  5.12  0.54
 8.500 0.30 0.70 -1.0  669 60332 48.90 9.040e+09 4.574e+10 4.396e+59  3.24  5.14  0.54
 8.550 0.30 0.70 -1.0  666 60738 48.92 9.043e+09 4.636e+10 4.455e+59  3.23  5.16  0.54
 8.600 0.30 0.70 -1.0  663 61145 48.93 9.047e+09 4.698e+10 4.515e+59  3.22  5.18  0.54
 8.650 0.30 0.70 -1.0  661 61552 48.95 9.050e+09 4.761e+10 4.575e+59  3.20  5.20  0.54
 8.700 0.30 0.70 -1.0  659 61959 48.96 9.053e+09 4.824e+10 4.636e+59  3.19  5.22  0.54
 8.750 0.30 0.70 -1.0  656 62366 48.97 9.056e+09 4.888e+10 4.697e+59  3.18  5.24  0.54
 8.800 0.30 0.70 -1.0  654 62773 48.99 9.059e+09 4.952e+10 4.759e+59  3.17  5.26  0.54
 8.850 0.30 0.70 -1.0  651 63181 49.00 9.062e+09 5.016e+10 4.821e+59  3.16  5.28  0.54
 8.900 0.30 0.70 -1.0  649 63589 49.02 9.065e+09 5.081e+10 4.883e+59  3.15  5.30  0.54
 8.950 0.30 0.70 -1.0  646 63997 49.03 9.068e+09 5.147e+10 4.946e+59  3.13  5.32  0.53
 9.000 0.30 0.70 -1.0  644 64405 49.04 9.070e+09 5.213e+10 5.009e+59  3.12  5.34  0.53
 9.050 0.30 0.70 -1.0  642 64814 49.06 9.073e+09 5.279e+10 5.073e+59  3.11  5.36  0.53
 9.100 0.30 0.70 -1.0  639 65222 49.07 9.076e+09 5.346e+10 5.137e+59  3.10  5.38  0.53
 9.150 0.30 0.70 -1.0  637 65631 49.09 9.079e+09 5.413e+10 5.202e+59  3.09  5.40  0.53
 9.200 0.30 0.70 -1.0  635 66040 49.10 9.081e+09 5.481e+10 5.267e+59  3.08  5.42  0.53
 9.250 0.30 0.70 -1.0  632 66450 49.11 9.084e+09 5.549e+10 5.332e+59  3.07  5.44  0.53
 9.300 0.30 0.70 -1.0  630 66859 49.13 9.087e+09 5.617e+10 5.398e+59  3.06  5.45  0.53
 9.350 0.30 0.70 -1.0  628 67269 49.14 9.089e+09 5.686e+10 5.465e+59  3.04  5.47  0.53
 9.400 0.30 0.70 -1.0  626 67679 49.15 9.092e+09 5.756e+10 5.531e+59  3.03  5.49  0.53
 9.450 0.30 0.70 -1.0  624 68089 49.17 9.095e+09 5.826e+10 5.599e+59  3.02  5.51  0.53
 9.500 0.30 0.70 -1.0  621 68500 49.18 9.097e+09 5.896e+10 5.666e+59  3.01  5.53  0.53
 9.550 0.30 0.70 -1.0  619 68910 49.19 9.100e+09 5.967e+10 5.735e+59  3.00  5.55  0.53
 9.600 0.30 0.70 -1.0  617 69321 49.20 9.102e+09 6.039e+10 5.803e+59  2.99  5.57  0.53
 9.650 0.30 0.70 -1.0  615 69732 49.22 9.104e+09 6.110e+10 5.872e+59  2.98  5.59  0.53
 9.700 0.30 0.70 -1.0  613 70143 49.23 9.107e+09 6.183e+10 5.942e+59  2.97  5.61  0.52
 9.750 0.30 0.70 -1.0  611 70555 49.24 9.109e+09 6.255e+10 6.012e+59  2.96  5.63  0.52
 9.800 0.30 0.70 -1.0  608 70966 49.26 9.112e+09 6.329e+10 6.082e+59  2.95  5.65  0.52
 9.850 0.30 0.70 -1.0  606 71378 49.27 9.114e+09 6.402e+10 6.153e+59  2.94  5.67  0.52
 9.900 0.30 0.70 -1.0  604 71790 49.28 9.116e+09 6.476e+10 6.224e+59  2.93  5.69  0.52
 9.950 0.30 0.70 -1.0  602 72202 49.29 9.118e+09 6.551e+10 6.296e+59  2.92  5.71  0.52
10.000 0.30 0.70 -1.0  600 72615 49.31 9.121e+09 6.626e+10 6.368e+59  2.91  5.73  0.52
